symbol,timestamp,open,high,low,close,volume,source,last_updated
GOLDCASE,2025-10-06 09:15:00,18.96,20.0,18.5,18.72,232697,DHAN_HISTORY,2026-03-15 16:40:46
GOLDCASE,2025-10-06 09:16:00,18.68,18.72,18.62,18.71,117380,DHAN_HISTORY,2026-03-15 16:40:46
GOLDCASE,2025-10-06 09:17:00,18.71,18.72,18.67,18.72,117622,DHAN_HISTORY,2026-03-15 16:40:46
GOLDCASE,2025-10-06 09:18:00,18.72,18.75,18.7,18.73,89208,DHAN_HISTORY,2026-03-15 16:40:46
GOLDCASE,2025-10-06 09:19:00,18.74,18.76,18.71,18.74,106653,DHAN_HISTORY,2026-03-15 16:40:46
GOLDCASE,2025-10-06 09:20:00,18.73,18.74,18.71,18.74,106608,DHAN_HISTORY,2026-03-15 16:40:46
GOLDCASE,2025-10-06 09:21:00,18.74,18.75,18.7,18.75,126061,DHAN_HISTORY,2026-03-15 16:40:46
GOLDCASE,2025-10-06 09:22:00,18.75,18.75,18.72,18.74,25371,DHAN_HISTORY,2026-03-15 16:40:46
GOLDCASE,2025-10-06 09:23:00,18.73,18.75,18.72,18.74,68214,DHAN_HISTORY,2026-03-15 16:40:46
GOLDCASE,2025-10-06 09:24:00,18.74,18.74,18.72,18.74,69655,DHAN_HISTORY,2026-03-15 16:40:46
GOLDCASE,2025-10-06 09:25:00,18.73,18.74,18.72,18.74,45800,DHAN_HISTORY,2026-03-15 16:40:46
GOLDCASE,2025-10-06 09:26:00,18.74,18.74,18.71,18.72,72315,DHAN_HISTORY,2026-03-15 16:40:46
GOLDCASE,2025-10-06 09:27:00,18.72,18.72,18.71,18.72,30240,DHAN_HISTORY,2026-03-15 16:40:46
GOLDCASE,2025-10-06 09:28:00,18.72,18.72,18.7,18.72,19439,DHAN_HISTORY,2026-03-15 16:40:46
GOLDCASE,2025-10-06 09:29:00,18.72,18.72,18.71,18.72,19256,DHAN_HISTORY,2026-03-15 16:40:46
GOLDCASE,2025-10-06 09:30:00,18.72,18.72,18.7,18.71,217878,DHAN_HISTORY,2026-03-15 16:40:46
GOLDCASE,2025-10-06 09:31:00,18.71,18.71,18.7,18.71,18860,DHAN_HISTORY,2026-03-15 16:40:46
GOLDCASE,2025-10-06 09:32:00,18.71,18.72,18.7,18.71,27029,DHAN_HISTORY,2026-03-15 16:40:46
GOLDCASE,2025-10-06 09:33:00,18.71,18.72,18.71,18.72,26342,DHAN_HISTORY,2026-03-15 16:40:46
GOLDCASE,2025-10-06 09:34:00,18.72,18.73,18.7,18.73,29843,DHAN_HISTORY,2026-03-15 16:40:46
GOLDCASE,2025-10-06 09:35:00,18.73,18.73,18.71,18.73,40338,DHAN_HISTORY,2026-03-15 16:40:46
GOLDCASE,2025-10-06 09:36:00,18.73,18.73,18.71,18.73,10980,DHAN_HISTORY,2026-03-15 16:40:46
GOLDCASE,2025-10-06 09:37:00,18.73,18.73,18.72,18.73,38389,DHAN_HISTORY,2026-03-15 16:40:46
GOLDCASE,2025-10-06 09:38:00,18.73,18.73,18.72,18.73,9548,DHAN_HISTORY,2026-03-15 16:40:46
GOLDCASE,2025-10-06 09:39:00,18.73,18.73,18.72,18.73,25283,DHAN_HISTORY,2026-03-15 16:40:46
GOLDCASE,2025-10-06 09:40:00,18.73,18.73,18.72,18.72,72657,DHAN_HISTORY,2026-03-15 16:40:46
GOLDCASE,2025-10-06 09:41:00,18.72,18.72,18.71,18.72,23730,DHAN_HISTORY,2026-03-15 16:40:46
GOLDCASE,2025-10-06 09:42:00,18.72,18.72,18.71,18.72,42091,DHAN_HISTORY,2026-03-15 16:40:46
GOLDCASE,2025-10-06 09:43:00,18.72,18.72,18.71,18.72,16229,DHAN_HISTORY,2026-03-15 16:40:46
GOLDCASE,2025-10-06 09:44:00,18.72,18.72,18.71,18.72,23791,DHAN_HISTORY,2026-03-15 16:40:46
GOLDCASE,2025-10-06 09:45:00,18.72,18.72,18.71,18.72,80086,DHAN_HISTORY,2026-03-15 16:40:46
GOLDCASE,2025-10-06 09:46:00,18.72,18.72,18.71,18.72,32661,DHAN_HISTORY,2026-03-15 16:40:46
GOLDCASE,2025-10-06 09:47:00,18.72,18.72,18.71,18.72,46536,DHAN_HISTORY,2026-03-15 16:40:46
GOLDCASE,2025-10-06 09:48:00,18.72,18.72,18.7,18.72,47397,DHAN_HISTORY,2026-03-15 16:40:46
GOLDCASE,2025-10-06 09:49:00,18.72,18.72,18.7,18.72,27840,DHAN_HISTORY,2026-03-15 16:40:46
GOLDCASE,2025-10-06 09:50:00,18.7,18.73,18.7,18.73,21192,DHAN_HISTORY,2026-03-15 16:40:46
GOLDCASE,2025-10-06 09:51:00,18.73,18.73,18.7,18.73,128166,DHAN_HISTORY,2026-03-15 16:40:46
GOLDCASE,2025-10-06 09:52:00,18.72,18.73,18.71,18.73,19611,DHAN_HISTORY,2026-03-15 16:40:46
GOLDCASE,2025-10-06 09:53:00,18.73,18.73,18.72,18.73,29034,DHAN_HISTORY,2026-03-15 16:40:46
GOLDCASE,2025-10-06 09:54:00,18.73,18.73,18.72,18.73,37217,DHAN_HISTORY,2026-03-15 16:40:46
GOLDCASE,2025-10-06 09:55:00,18.73,18.73,18.72,18.72,21744,DHAN_HISTORY,2026-03-15 16:40:46
GOLDCASE,2025-10-06 09:56:00,18.73,18.73,18.72,18.73,25880,DHAN_HISTORY,2026-03-15 16:40:46
GOLDCASE,2025-10-06 09:57:00,18.73,18.73,18.72,18.73,15001,DHAN_HISTORY,2026-03-15 16:40:46
GOLDCASE,2025-10-06 09:58:00,18.73,18.73,18.72,18.72,6825,DHAN_HISTORY,2026-03-15 16:40:46
GOLDCASE,2025-10-06 09:59:00,18.72,18.73,18.71,18.73,12761,DHAN_HISTORY,2026-03-15 16:40:46
GOLDCASE,2025-10-06 10:00:00,18.73,18.73,18.73,18.73,36718,DHAN_HISTORY,2026-03-15 16:40:46
GOLDCASE,2025-10-06 10:01:00,18.74,18.74,18.73,18.74,13552,DHAN_HISTORY,2026-03-15 16:40:46
GOLDCASE,2025-10-06 10:02:00,18.74,18.74,18.73,18.74,103880,DHAN_HISTORY,2026-03-15 16:40:46
GOLDCASE,2025-10-06 10:03:00,18.74,18.74,18.73,18.74,31185,DHAN_HISTORY,2026-03-15 16:40:46
GOLDCASE,2025-10-06 10:04:00,18.74,18.74,18.73,18.74,30337,DHAN_HISTORY,2026-03-15 16:40:46
GOLDCASE,2025-10-06 10:05:00,18.74,18.74,18.73,18.74,25195,DHAN_HISTORY,2026-03-15 16:40:46
GOLDCASE,2025-10-06 10:06:00,18.74,18.75,18.74,18.74,18850,DHAN_HISTORY,2026-03-15 16:40:46
GOLDCASE,2025-10-06 10:07:00,18.75,18.75,18.74,18.75,8544,DHAN_HISTORY,2026-03-15 16:40:46
GOLDCASE,2025-10-06 10:08:00,18.75,18.75,18.74,18.75,31076,DHAN_HISTORY,2026-03-15 16:40:46
GOLDCASE,2025-10-06 10:09:00,18.75,18.75,18.74,18.75,14668,DHAN_HISTORY,2026-03-15 16:40:46
GOLDCASE,2025-10-06 10:10:00,18.75,18.75,18.75,18.75,24596,DHAN_HISTORY,2026-03-15 16:40:46
GOLDCASE,2025-10-06 10:11:00,18.75,18.75,18.74,18.75,13719,DHAN_HISTORY,2026-03-15 16:40:46
GOLDCASE,2025-10-06 10:12:00,18.75,18.75,18.74,18.75,17142,DHAN_HISTORY,2026-03-15 16:40:46
GOLDCASE,2025-10-06 10:13:00,18.75,18.75,18.74,18.75,8412,DHAN_HISTORY,2026-03-15 16:40:46
GOLDCASE,2025-10-06 10:14:00,18.75,18.76,18.73,18.74,45500,DHAN_HISTORY,2026-03-15 16:40:46
GOLDCASE,2025-10-06 10:15:00,18.76,18.76,18.74,18.75,5733,DHAN_HISTORY,2026-03-15 16:40:46
GOLDCASE,2025-10-06 10:16:00,18.76,18.76,18.75,18.76,8459,DHAN_HISTORY,2026-03-15 16:40:46
GOLDCASE,2025-10-06 10:17:00,18.76,18.76,18.75,18.76,7320,DHAN_HISTORY,2026-03-15 16:40:46
GOLDCASE,2025-10-06 10:18:00,18.76,18.76,18.76,18.76,5807,DHAN_HISTORY,2026-03-15 16:40:46
GOLDCASE,2025-10-06 10:19:00,18.75,18.76,18.75,18.76,11116,DHAN_HISTORY,2026-03-15 16:40:46
GOLDCASE,2025-10-06 10:20:00,18.75,18.76,18.75,18.76,5006,DHAN_HISTORY,2026-03-15 16:40:46
GOLDCASE,2025-10-06 10:21:00,18.76,18.76,18.75,18.76,52995,DHAN_HISTORY,2026-03-15 16:40:46
GOLDCASE,2025-10-06 10:22:00,18.75,18.76,18.75,18.76,9827,DHAN_HISTORY,2026-03-15 16:40:46
GOLDCASE,2025-10-06 10:23:00,18.76,18.76,18.75,18.76,22406,DHAN_HISTORY,2026-03-15 16:40:46
GOLDCASE,2025-10-06 10:24:00,18.76,18.77,18.75,18.77,26794,DHAN_HISTORY,2026-03-15 16:40:46
GOLDCASE,2025-10-06 10:25:00,18.77,18.77,18.76,18.76,28067,DHAN_HISTORY,2026-03-15 16:40:46
GOLDCASE,2025-10-06 10:26:00,18.77,18.77,18.77,18.77,9571,DHAN_HISTORY,2026-03-15 16:40:46
GOLDCASE,2025-10-06 10:27:00,18.77,18.78,18.76,18.78,18625,DHAN_HISTORY,2026-03-15 16:40:46
GOLDCASE,2025-10-06 10:28:00,18.78,18.78,18.76,18.78,11098,DHAN_HISTORY,2026-03-15 16:40:46
GOLDCASE,2025-10-06 10:29:00,18.77,18.79,18.76,18.78,16501,DHAN_HISTORY,2026-03-15 16:40:46
GOLDCASE,2025-10-06 10:30:00,18.78,18.78,18.76,18.78,13781,DHAN_HISTORY,2026-03-15 16:40:46
GOLDCASE,2025-10-06 10:31:00,18.78,18.78,18.77,18.78,39398,DHAN_HISTORY,2026-03-15 16:40:46
GOLDCASE,2025-10-06 10:32:00,18.78,18.78,18.77,18.78,19535,DHAN_HISTORY,2026-03-15 16:40:46
GOLDCASE,2025-10-06 10:33:00,18.78,18.78,18.76,18.78,3384,DHAN_HISTORY,2026-03-15 16:40:46
GOLDCASE,2025-10-06 10:34:00,18.78,18.78,18.77,18.77,4569,DHAN_HISTORY,2026-03-15 16:40:46
GOLDCASE,2025-10-06 10:35:00,18.78,18.78,18.77,18.78,15831,DHAN_HISTORY,2026-03-15 16:40:46
GOLDCASE,2025-10-06 10:36:00,18.77,18.78,18.76,18.78,35180,DHAN_HISTORY,2026-03-15 16:40:46
GOLDCASE,2025-10-06 10:37:00,18.78,18.78,18.77,18.78,11773,DHAN_HISTORY,2026-03-15 16:40:46
GOLDCASE,2025-10-06 10:38:00,18.78,18.78,18.77,18.78,17560,DHAN_HISTORY,2026-03-15 16:40:46
GOLDCASE,2025-10-06 10:39:00,18.78,18.79,18.78,18.79,13728,DHAN_HISTORY,2026-03-15 16:40:46
GOLDCASE,2025-10-06 10:40:00,18.78,18.79,18.78,18.79,2342,DHAN_HISTORY,2026-03-15 16:40:46
GOLDCASE,2025-10-06 10:41:00,18.79,18.79,18.78,18.79,3396,DHAN_HISTORY,2026-03-15 16:40:46
GOLDCASE,2025-10-06 10:42:00,18.79,18.79,18.78,18.79,11937,DHAN_HISTORY,2026-03-15 16:40:46
GOLDCASE,2025-10-06 10:43:00,18.79,18.79,18.78,18.79,37128,DHAN_HISTORY,2026-03-15 16:40:46
GOLDCASE,2025-10-06 10:44:00,18.78,18.79,18.78,18.79,6436,DHAN_HISTORY,2026-03-15 16:40:46
GOLDCASE,2025-10-06 10:45:00,18.79,18.79,18.78,18.79,30138,DHAN_HISTORY,2026-03-15 16:40:46
GOLDCASE,2025-10-06 10:46:00,18.77,18.79,18.77,18.79,9890,DHAN_HISTORY,2026-03-15 16:40:46
GOLDCASE,2025-10-06 10:47:00,18.79,18.79,18.77,18.78,19856,DHAN_HISTORY,2026-03-15 16:40:46
GOLDCASE,2025-10-06 10:48:00,18.78,18.78,18.76,18.77,17771,DHAN_HISTORY,2026-03-15 16:40:46
GOLDCASE,2025-10-06 10:49:00,18.77,18.77,18.75,18.77,43633,DHAN_HISTORY,2026-03-15 16:40:46
GOLDCASE,2025-10-06 10:50:00,18.77,18.77,18.75,18.75,18969,DHAN_HISTORY,2026-03-15 16:40:46
GOLDCASE,2025-10-06 10:51:00,18.75,18.76,18.75,18.76,192326,DHAN_HISTORY,2026-03-15 16:40:46
GOLDCASE,2025-10-06 10:52:00,18.76,18.76,18.75,18.76,5645,DHAN_HISTORY,2026-03-15 16:40:46
GOLDCASE,2025-10-06 10:53:00,18.77,18.77,18.75,18.77,15135,DHAN_HISTORY,2026-03-15 16:40:46
GOLDCASE,2025-10-06 10:54:00,18.77,18.77,18.76,18.77,28532,DHAN_HISTORY,2026-03-15 16:40:46
GOLDCASE,2025-10-06 10:55:00,18.77,18.77,18.75,18.76,22590,DHAN_HISTORY,2026-03-15 16:40:46
GOLDCASE,2025-10-06 10:56:00,18.76,18.76,18.75,18.76,15248,DHAN_HISTORY,2026-03-15 16:40:46
GOLDCASE,2025-10-06 10:57:00,18.76,18.76,18.76,18.76,32340,DHAN_HISTORY,2026-03-15 16:40:46
GOLDCASE,2025-10-06 10:58:00,18.76,18.77,18.75,18.77,6800,DHAN_HISTORY,2026-03-15 16:40:46
GOLDCASE,2025-10-06 10:59:00,18.77,18.77,18.75,18.77,6193,DHAN_HISTORY,2026-03-15 16:40:46
GOLDCASE,2025-10-06 11:00:00,18.77,18.77,18.77,18.77,3404,DHAN_HISTORY,2026-03-15 16:40:46
GOLDCASE,2025-10-06 11:01:00,18.77,18.77,18.75,18.77,5862,DHAN_HISTORY,2026-03-15 16:40:46
GOLDCASE,2025-10-06 11:02:00,18.77,18.77,18.75,18.77,19099,DHAN_HISTORY,2026-03-15 16:40:46
GOLDCASE,2025-10-06 11:03:00,18.77,18.77,18.74,18.75,49386,DHAN_HISTORY,2026-03-15 16:40:46
GOLDCASE,2025-10-06 11:04:00,18.75,18.75,18.74,18.75,38757,DHAN_HISTORY,2026-03-15 16:40:46
GOLDCASE,2025-10-06 11:05:00,18.74,18.75,18.73,18.74,41778,DHAN_HISTORY,2026-03-15 16:40:46
GOLDCASE,2025-10-06 11:06:00,18.74,18.74,18.74,18.74,10018,DHAN_HISTORY,2026-03-15 16:40:46
GOLDCASE,2025-10-06 11:07:00,18.74,18.74,18.73,18.74,38556,DHAN_HISTORY,2026-03-15 16:40:46
GOLDCASE,2025-10-06 11:08:00,18.74,18.74,18.73,18.73,15905,DHAN_HISTORY,2026-03-15 16:40:46
GOLDCASE,2025-10-06 11:09:00,18.74,18.74,18.73,18.73,19373,DHAN_HISTORY,2026-03-15 16:40:46
GOLDCASE,2025-10-06 11:10:00,18.74,18.74,18.74,18.74,10530,DHAN_HISTORY,2026-03-15 16:40:46
GOLDCASE,2025-10-06 11:11:00,18.74,18.74,18.73,18.74,4918,DHAN_HISTORY,2026-03-15 16:40:46
GOLDCASE,2025-10-06 11:12:00,18.74,18.74,18.73,18.73,3592,DHAN_HISTORY,2026-03-15 16:40:46
GOLDCASE,2025-10-06 11:13:00,18.74,18.74,18.73,18.74,17252,DHAN_HISTORY,2026-03-15 16:40:46
GOLDCASE,2025-10-06 11:14:00,18.79,18.79,18.74,18.74,123644,DHAN_HISTORY,2026-03-15 16:40:46
GOLDCASE,2025-10-06 11:15:00,18.76,18.77,18.74,18.77,13026,DHAN_HISTORY,2026-03-15 16:40:46
GOLDCASE,2025-10-06 11:16:00,18.76,18.77,18.75,18.77,4648,DHAN_HISTORY,2026-03-15 16:40:46
GOLDCASE,2025-10-06 11:17:00,18.76,18.76,18.75,18.76,55586,DHAN_HISTORY,2026-03-15 16:40:46
GOLDCASE,2025-10-06 11:18:00,18.76,18.76,18.76,18.76,9701,DHAN_HISTORY,2026-03-15 16:40:46
GOLDCASE,2025-10-06 11:19:00,18.76,18.76,18.75,18.76,6800,DHAN_HISTORY,2026-03-15 16:40:46
GOLDCASE,2025-10-06 11:20:00,18.76,18.76,18.75,18.76,3926,DHAN_HISTORY,2026-03-15 16:40:46
GOLDCASE,2025-10-06 11:21:00,18.76,18.76,18.75,18.76,5911,DHAN_HISTORY,2026-03-15 16:40:46
GOLDCASE,2025-10-06 11:22:00,18.76,18.76,18.75,18.76,35282,DHAN_HISTORY,2026-03-15 16:40:46
GOLDCASE,2025-10-06 11:23:00,18.76,18.76,18.75,18.76,8493,DHAN_HISTORY,2026-03-15 16:40:46
GOLDCASE,2025-10-06 11:24:00,18.76,18.78,18.76,18.78,12238,DHAN_HISTORY,2026-03-15 16:40:46
GOLDCASE,2025-10-06 11:25:00,18.78,18.78,18.75,18.76,25230,DHAN_HISTORY,2026-03-15 16:40:46
GOLDCASE,2025-10-06 11:26:00,18.76,18.76,18.75,18.76,2011,DHAN_HISTORY,2026-03-15 16:40:46
GOLDCASE,2025-10-06 11:27:00,18.76,18.76,18.75,18.76,14891,DHAN_HISTORY,2026-03-15 16:40:46
GOLDCASE,2025-10-06 11:28:00,18.76,18.76,18.75,18.76,8699,DHAN_HISTORY,2026-03-15 16:40:46
GOLDCASE,2025-10-06 11:29:00,18.76,18.76,18.76,18.76,3496,DHAN_HISTORY,2026-03-15 16:40:46
GOLDCASE,2025-10-06 11:30:00,18.76,18.76,18.76,18.76,36422,DHAN_HISTORY,2026-03-15 16:40:46
GOLDCASE,2025-10-06 11:31:00,18.76,18.76,18.75,18.76,15455,DHAN_HISTORY,2026-03-15 16:40:46
GOLDCASE,2025-10-06 11:32:00,18.76,18.77,18.75,18.77,10178,DHAN_HISTORY,2026-03-15 16:40:46
GOLDCASE,2025-10-06 11:33:00,18.77,18.77,18.77,18.77,8479,DHAN_HISTORY,2026-03-15 16:40:46
GOLDCASE,2025-10-06 11:34:00,18.77,18.77,18.76,18.76,8041,DHAN_HISTORY,2026-03-15 16:40:46
GOLDCASE,2025-10-06 11:35:00,18.76,18.76,18.75,18.76,5591,DHAN_HISTORY,2026-03-15 16:40:46
GOLDCASE,2025-10-06 11:36:00,18.77,18.77,18.74,18.74,50540,DHAN_HISTORY,2026-03-15 16:40:46
GOLDCASE,2025-10-06 11:37:00,18.75,18.76,18.74,18.76,79277,DHAN_HISTORY,2026-03-15 16:40:46
GOLDCASE,2025-10-06 11:38:00,18.75,18.76,18.75,18.76,2752,DHAN_HISTORY,2026-03-15 16:40:46
GOLDCASE,2025-10-06 11:39:00,18.76,18.76,18.75,18.76,9911,DHAN_HISTORY,2026-03-15 16:40:46
GOLDCASE,2025-10-06 11:40:00,18.76,18.76,18.74,18.74,30555,DHAN_HISTORY,2026-03-15 16:40:46
GOLDCASE,2025-10-06 11:41:00,18.75,18.75,18.74,18.74,3996,DHAN_HISTORY,2026-03-15 16:40:46
GOLDCASE,2025-10-06 11:42:00,18.75,18.75,18.75,18.75,5805,DHAN_HISTORY,2026-03-15 16:40:46
GOLDCASE,2025-10-06 11:43:00,18.74,18.75,18.74,18.74,32083,DHAN_HISTORY,2026-03-15 16:40:46
GOLDCASE,2025-10-06 11:44:00,18.73,18.74,18.73,18.74,4370,DHAN_HISTORY,2026-03-15 16:40:46
GOLDCASE,2025-10-06 11:45:00,18.74,18.74,18.73,18.74,8617,DHAN_HISTORY,2026-03-15 16:40:46
GOLDCASE,2025-10-06 11:46:00,18.74,18.74,18.73,18.74,2998,DHAN_HISTORY,2026-03-15 16:40:46
GOLDCASE,2025-10-06 11:47:00,18.74,18.74,18.73,18.74,13610,DHAN_HISTORY,2026-03-15 16:40:46
GOLDCASE,2025-10-06 11:48:00,18.73,18.74,18.73,18.74,6834,DHAN_HISTORY,2026-03-15 16:40:46
GOLDCASE,2025-10-06 11:49:00,18.74,18.74,18.73,18.73,18571,DHAN_HISTORY,2026-03-15 16:40:46
GOLDCASE,2025-10-06 11:50:00,18.74,18.74,18.73,18.74,10259,DHAN_HISTORY,2026-03-15 16:40:46
GOLDCASE,2025-10-06 11:51:00,18.74,18.74,18.73,18.73,2958,DHAN_HISTORY,2026-03-15 16:40:46
GOLDCASE,2025-10-06 11:52:00,18.73,18.74,18.73,18.74,6603,DHAN_HISTORY,2026-03-15 16:40:46
GOLDCASE,2025-10-06 11:53:00,18.74,18.74,18.73,18.74,16892,DHAN_HISTORY,2026-03-15 16:40:46
GOLDCASE,2025-10-06 11:54:00,18.74,18.74,18.73,18.74,12922,DHAN_HISTORY,2026-03-15 16:40:46
GOLDCASE,2025-10-06 11:55:00,18.74,18.74,18.74,18.74,10150,DHAN_HISTORY,2026-03-15 16:40:46
GOLDCASE,2025-10-06 11:56:00,18.74,18.74,18.73,18.73,1416,DHAN_HISTORY,2026-03-15 16:40:46
GOLDCASE,2025-10-06 11:57:00,18.74,18.75,18.74,18.74,65315,DHAN_HISTORY,2026-03-15 16:40:46
GOLDCASE,2025-10-06 11:58:00,18.74,18.74,18.73,18.74,3533,DHAN_HISTORY,2026-03-15 16:40:46
GOLDCASE,2025-10-06 11:59:00,18.74,18.74,18.73,18.74,10660,DHAN_HISTORY,2026-03-15 16:40:46
GOLDCASE,2025-10-06 12:00:00,18.74,18.74,18.73,18.74,5723,DHAN_HISTORY,2026-03-15 16:40:46
GOLDCASE,2025-10-06 12:01:00,18.74,18.74,18.73,18.74,4954,DHAN_HISTORY,2026-03-15 16:40:46
GOLDCASE,2025-10-06 12:02:00,18.74,18.74,18.74,18.74,17084,DHAN_HISTORY,2026-03-15 16:40:46
GOLDCASE,2025-10-06 12:03:00,18.74,18.75,18.73,18.75,6855,DHAN_HISTORY,2026-03-15 16:40:46
GOLDCASE,2025-10-06 12:04:00,18.75,18.75,18.73,18.75,9173,DHAN_HISTORY,2026-03-15 16:40:46
GOLDCASE,2025-10-06 12:05:00,18.75,18.75,18.74,18.75,2803,DHAN_HISTORY,2026-03-15 16:40:46
GOLDCASE,2025-10-06 12:06:00,18.75,18.75,18.75,18.75,14373,DHAN_HISTORY,2026-03-15 16:40:46
GOLDCASE,2025-10-06 12:07:00,18.75,18.75,18.74,18.75,1627,DHAN_HISTORY,2026-03-15 16:40:46
GOLDCASE,2025-10-06 12:08:00,18.74,18.75,18.74,18.75,92906,DHAN_HISTORY,2026-03-15 16:40:46
GOLDCASE,2025-10-06 12:09:00,18.75,18.75,18.74,18.75,11759,DHAN_HISTORY,2026-03-15 16:40:46
GOLDCASE,2025-10-06 12:10:00,18.74,18.75,18.74,18.75,72761,DHAN_HISTORY,2026-03-15 16:40:46
GOLDCASE,2025-10-06 12:11:00,18.75,18.75,18.74,18.75,11413,DHAN_HISTORY,2026-03-15 16:40:46
GOLDCASE,2025-10-06 12:12:00,18.75,18.75,18.74,18.75,3739,DHAN_HISTORY,2026-03-15 16:40:46
GOLDCASE,2025-10-06 12:13:00,18.75,18.75,18.75,18.75,4400,DHAN_HISTORY,2026-03-15 16:40:46
GOLDCASE,2025-10-06 12:14:00,18.75,18.75,18.74,18.75,10776,DHAN_HISTORY,2026-03-15 16:40:46
GOLDCASE,2025-10-06 12:15:00,18.75,18.75,18.75,18.75,14695,DHAN_HISTORY,2026-03-15 16:40:46
GOLDCASE,2025-10-06 12:16:00,18.75,18.75,18.74,18.75,5937,DHAN_HISTORY,2026-03-15 16:40:46
GOLDCASE,2025-10-06 12:17:00,18.75,18.75,18.75,18.75,39166,DHAN_HISTORY,2026-03-15 16:40:46
GOLDCASE,2025-10-06 12:18:00,18.75,18.75,18.74,18.75,20899,DHAN_HISTORY,2026-03-15 16:40:46
GOLDCASE,2025-10-06 12:19:00,18.75,18.76,18.74,18.76,11314,DHAN_HISTORY,2026-03-15 16:40:46
GOLDCASE,2025-10-06 12:20:00,18.77,18.77,18.75,18.77,6801,DHAN_HISTORY,2026-03-15 16:40:46
GOLDCASE,2025-10-06 12:21:00,18.79,18.79,18.78,18.78,39442,DHAN_HISTORY,2026-03-15 16:40:46
GOLDCASE,2025-10-06 12:22:00,18.77,18.78,18.77,18.77,99689,DHAN_HISTORY,2026-03-15 16:40:46
GOLDCASE,2025-10-06 12:23:00,18.77,18.77,18.76,18.77,12352,DHAN_HISTORY,2026-03-15 16:40:46
GOLDCASE,2025-10-06 12:24:00,18.77,18.77,18.76,18.76,12828,DHAN_HISTORY,2026-03-15 16:40:46
GOLDCASE,2025-10-06 12:25:00,18.76,18.76,18.74,18.76,25835,DHAN_HISTORY,2026-03-15 16:40:46
GOLDCASE,2025-10-06 12:26:00,18.76,18.76,18.74,18.74,4572,DHAN_HISTORY,2026-03-15 16:40:46
GOLDCASE,2025-10-06 12:27:00,18.76,18.76,18.74,18.76,2220,DHAN_HISTORY,2026-03-15 16:40:46
GOLDCASE,2025-10-06 12:28:00,18.76,18.76,18.76,18.76,22086,DHAN_HISTORY,2026-03-15 16:40:46
GOLDCASE,2025-10-06 12:29:00,18.76,18.76,18.75,18.76,16852,DHAN_HISTORY,2026-03-15 16:40:46
GOLDCASE,2025-10-06 12:30:00,18.76,18.76,18.75,18.76,8614,DHAN_HISTORY,2026-03-15 16:40:46
GOLDCASE,2025-10-06 12:31:00,18.76,18.76,18.76,18.76,5649,DHAN_HISTORY,2026-03-15 16:40:46
GOLDCASE,2025-10-06 12:32:00,18.76,18.76,18.75,18.76,25921,DHAN_HISTORY,2026-03-15 16:40:46
GOLDCASE,2025-10-06 12:33:00,18.76,18.77,18.76,18.77,4874,DHAN_HISTORY,2026-03-15 16:40:46
GOLDCASE,2025-10-06 12:34:00,18.77,18.77,18.76,18.77,29533,DHAN_HISTORY,2026-03-15 16:40:46
GOLDCASE,2025-10-06 12:35:00,18.77,18.77,18.76,18.77,2128,DHAN_HISTORY,2026-03-15 16:40:46
GOLDCASE,2025-10-06 12:36:00,18.77,18.77,18.76,18.77,8615,DHAN_HISTORY,2026-03-15 16:40:46
GOLDCASE,2025-10-06 12:37:00,18.77,18.77,18.76,18.77,5927,DHAN_HISTORY,2026-03-15 16:40:46
GOLDCASE,2025-10-06 12:38:00,18.76,18.77,18.76,18.77,6811,DHAN_HISTORY,2026-03-15 16:40:46
GOLDCASE,2025-10-06 12:39:00,18.77,18.78,18.76,18.76,9406,DHAN_HISTORY,2026-03-15 16:40:46
GOLDCASE,2025-10-06 12:40:00,18.78,18.78,18.76,18.78,5668,DHAN_HISTORY,2026-03-15 16:40:46
GOLDCASE,2025-10-06 12:41:00,18.78,18.78,18.78,18.78,7291,DHAN_HISTORY,2026-03-15 16:40:46
GOLDCASE,2025-10-06 12:42:00,18.78,18.78,18.76,18.78,2452,DHAN_HISTORY,2026-03-15 16:40:46
GOLDCASE,2025-10-06 12:43:00,18.78,18.78,18.78,18.78,5160,DHAN_HISTORY,2026-03-15 16:40:46
GOLDCASE,2025-10-06 12:44:00,18.78,18.79,18.77,18.77,4818,DHAN_HISTORY,2026-03-15 16:40:46
GOLDCASE,2025-10-06 12:45:00,18.79,18.79,18.78,18.79,1785,DHAN_HISTORY,2026-03-15 16:40:46
GOLDCASE,2025-10-06 12:46:00,18.79,18.79,18.77,18.78,4136,DHAN_HISTORY,2026-03-15 16:40:46
GOLDCASE,2025-10-06 12:47:00,18.77,18.78,18.77,18.78,9967,DHAN_HISTORY,2026-03-15 16:40:46
GOLDCASE,2025-10-06 12:48:00,18.77,18.78,18.77,18.78,10642,DHAN_HISTORY,2026-03-15 16:40:46
GOLDCASE,2025-10-06 12:49:00,18.78,18.79,18.77,18.79,17584,DHAN_HISTORY,2026-03-15 16:40:46
GOLDCASE,2025-10-06 12:50:00,18.79,18.79,18.78,18.79,3798,DHAN_HISTORY,2026-03-15 16:40:46
GOLDCASE,2025-10-06 12:51:00,18.79,18.79,18.78,18.79,4408,DHAN_HISTORY,2026-03-15 16:40:46
GOLDCASE,2025-10-06 12:52:00,18.79,18.79,18.79,18.79,11790,DHAN_HISTORY,2026-03-15 16:40:46
GOLDCASE,2025-10-06 12:53:00,18.79,18.79,18.78,18.79,39048,DHAN_HISTORY,2026-03-15 16:40:46
GOLDCASE,2025-10-06 12:54:00,18.79,18.8,18.78,18.8,78256,DHAN_HISTORY,2026-03-15 16:40:46
GOLDCASE,2025-10-06 12:55:00,18.8,18.8,18.78,18.78,37595,DHAN_HISTORY,2026-03-15 16:40:46
GOLDCASE,2025-10-06 12:56:00,18.78,18.78,18.76,18.77,15741,DHAN_HISTORY,2026-03-15 16:40:46
GOLDCASE,2025-10-06 12:57:00,18.77,18.77,18.77,18.77,5704,DHAN_HISTORY,2026-03-15 16:40:46
GOLDCASE,2025-10-06 12:58:00,18.77,18.77,18.76,18.77,8498,DHAN_HISTORY,2026-03-15 16:40:46
GOLDCASE,2025-10-06 12:59:00,18.77,18.77,18.77,18.77,1862,DHAN_HISTORY,2026-03-15 16:40:46
GOLDCASE,2025-10-06 13:00:00,18.77,18.77,18.76,18.77,8931,DHAN_HISTORY,2026-03-15 16:40:46
GOLDCASE,2025-10-06 13:01:00,18.77,18.77,18.77,18.77,8312,DHAN_HISTORY,2026-03-15 16:40:46
GOLDCASE,2025-10-06 13:02:00,18.76,18.77,18.76,18.77,2040,DHAN_HISTORY,2026-03-15 16:40:46
GOLDCASE,2025-10-06 13:03:00,18.77,18.77,18.76,18.77,3646,DHAN_HISTORY,2026-03-15 16:40:46
GOLDCASE,2025-10-06 13:04:00,18.77,18.77,18.76,18.77,34552,DHAN_HISTORY,2026-03-15 16:40:46
GOLDCASE,2025-10-06 13:05:00,18.77,18.78,18.77,18.78,69439,DHAN_HISTORY,2026-03-15 16:40:46
GOLDCASE,2025-10-06 13:06:00,18.78,18.78,18.77,18.78,2643,DHAN_HISTORY,2026-03-15 16:40:46
GOLDCASE,2025-10-06 13:07:00,18.77,18.78,18.77,18.77,24179,DHAN_HISTORY,2026-03-15 16:40:46
GOLDCASE,2025-10-06 13:08:00,18.78,18.78,18.78,18.78,20067,DHAN_HISTORY,2026-03-15 16:40:46
GOLDCASE,2025-10-06 13:09:00,18.78,18.78,18.77,18.78,4642,DHAN_HISTORY,2026-03-15 16:40:46
GOLDCASE,2025-10-06 13:10:00,18.78,18.78,18.78,18.78,11513,DHAN_HISTORY,2026-03-15 16:40:46
GOLDCASE,2025-10-06 13:11:00,18.77,18.78,18.77,18.77,7873,DHAN_HISTORY,2026-03-15 16:40:46
GOLDCASE,2025-10-06 13:12:00,18.78,18.78,18.77,18.78,5275,DHAN_HISTORY,2026-03-15 16:40:46
GOLDCASE,2025-10-06 13:13:00,18.78,18.78,18.77,18.77,960,DHAN_HISTORY,2026-03-15 16:40:46
GOLDCASE,2025-10-06 13:14:00,18.78,18.78,18.77,18.78,14140,DHAN_HISTORY,2026-03-15 16:40:46
GOLDCASE,2025-10-06 13:15:00,18.78,18.78,18.77,18.78,6427,DHAN_HISTORY,2026-03-15 16:40:46
GOLDCASE,2025-10-06 13:16:00,18.78,18.78,18.77,18.78,26773,DHAN_HISTORY,2026-03-15 16:40:46
GOLDCASE,2025-10-06 13:17:00,18.78,18.78,18.77,18.78,2307,DHAN_HISTORY,2026-03-15 16:40:46
GOLDCASE,2025-10-06 13:18:00,18.78,18.78,18.77,18.78,12501,DHAN_HISTORY,2026-03-15 16:40:46
GOLDCASE,2025-10-06 13:19:00,18.78,18.79,18.77,18.79,4625,DHAN_HISTORY,2026-03-15 16:40:46
GOLDCASE,2025-10-06 13:20:00,18.79,18.8,18.78,18.8,112305,DHAN_HISTORY,2026-03-15 16:40:46
GOLDCASE,2025-10-06 13:21:00,18.8,18.8,18.78,18.78,3269,DHAN_HISTORY,2026-03-15 16:40:46
GOLDCASE,2025-10-06 13:22:00,18.8,18.8,18.78,18.8,3234,DHAN_HISTORY,2026-03-15 16:40:46
GOLDCASE,2025-10-06 13:23:00,18.8,18.8,18.8,18.8,2102,DHAN_HISTORY,2026-03-15 16:40:46
GOLDCASE,2025-10-06 13:24:00,18.8,18.8,18.78,18.8,9264,DHAN_HISTORY,2026-03-15 16:40:46
GOLDCASE,2025-10-06 13:25:00,18.8,18.8,18.8,18.8,466,DHAN_HISTORY,2026-03-15 16:40:46
GOLDCASE,2025-10-06 13:26:00,18.8,18.8,18.78,18.8,9664,DHAN_HISTORY,2026-03-15 16:40:46
GOLDCASE,2025-10-06 13:27:00,18.8,18.8,18.79,18.79,2745,DHAN_HISTORY,2026-03-15 16:40:46
GOLDCASE,2025-10-06 13:28:00,18.8,18.8,18.79,18.8,6031,DHAN_HISTORY,2026-03-15 16:40:46
GOLDCASE,2025-10-06 13:29:00,18.8,18.8,18.79,18.8,5038,DHAN_HISTORY,2026-03-15 16:40:46
GOLDCASE,2025-10-06 13:30:00,18.8,18.8,18.79,18.8,12988,DHAN_HISTORY,2026-03-15 16:40:46
GOLDCASE,2025-10-06 13:31:00,18.8,18.8,18.79,18.8,23355,DHAN_HISTORY,2026-03-15 16:40:46
GOLDCASE,2025-10-06 13:32:00,18.8,18.8,18.79,18.8,19270,DHAN_HISTORY,2026-03-15 16:40:46
GOLDCASE,2025-10-06 13:33:00,18.79,18.8,18.79,18.8,5027,DHAN_HISTORY,2026-03-15 16:40:46
GOLDCASE,2025-10-06 13:34:00,18.8,18.8,18.79,18.8,19048,DHAN_HISTORY,2026-03-15 16:40:46
GOLDCASE,2025-10-06 13:35:00,18.8,18.8,18.79,18.8,15258,DHAN_HISTORY,2026-03-15 16:40:46
GOLDCASE,2025-10-06 13:36:00,18.8,18.81,18.8,18.81,9660,DHAN_HISTORY,2026-03-15 16:40:46
GOLDCASE,2025-10-06 13:37:00,18.8,18.81,18.79,18.81,11402,DHAN_HISTORY,2026-03-15 16:40:46
GOLDCASE,2025-10-06 13:38:00,18.81,18.81,18.8,18.81,1530,DHAN_HISTORY,2026-03-15 16:40:46
GOLDCASE,2025-10-06 13:39:00,18.81,18.81,18.8,18.81,3517,DHAN_HISTORY,2026-03-15 16:40:46
GOLDCASE,2025-10-06 13:40:00,18.81,18.81,18.8,18.81,4585,DHAN_HISTORY,2026-03-15 16:40:46
GOLDCASE,2025-10-06 13:41:00,18.81,18.81,18.8,18.81,9913,DHAN_HISTORY,2026-03-15 16:40:46
GOLDCASE,2025-10-06 13:42:00,18.81,18.81,18.81,18.81,23289,DHAN_HISTORY,2026-03-15 16:40:46
GOLDCASE,2025-10-06 13:43:00,18.81,18.81,18.8,18.81,9838,DHAN_HISTORY,2026-03-15 16:40:46
GOLDCASE,2025-10-06 13:44:00,18.81,18.81,18.8,18.81,6384,DHAN_HISTORY,2026-03-15 16:40:46
GOLDCASE,2025-10-06 13:45:00,18.81,18.81,18.81,18.81,22814,DHAN_HISTORY,2026-03-15 16:40:46
GOLDCASE,2025-10-06 13:46:00,18.82,18.82,18.81,18.82,5454,DHAN_HISTORY,2026-03-15 16:40:46
GOLDCASE,2025-10-06 13:47:00,18.82,18.82,18.81,18.82,367,DHAN_HISTORY,2026-03-15 16:40:46
GOLDCASE,2025-10-06 13:48:00,18.82,18.82,18.81,18.82,869,DHAN_HISTORY,2026-03-15 16:40:46
GOLDCASE,2025-10-06 13:49:00,18.82,18.82,18.81,18.82,6022,DHAN_HISTORY,2026-03-15 16:40:46
GOLDCASE,2025-10-06 13:50:00,18.82,18.82,18.8,18.82,16147,DHAN_HISTORY,2026-03-15 16:40:46
GOLDCASE,2025-10-06 13:51:00,18.82,18.82,18.8,18.82,21323,DHAN_HISTORY,2026-03-15 16:40:46
GOLDCASE,2025-10-06 13:52:00,18.82,18.82,18.8,18.8,4436,DHAN_HISTORY,2026-03-15 16:40:46
GOLDCASE,2025-10-06 13:53:00,18.82,18.82,18.82,18.82,13854,DHAN_HISTORY,2026-03-15 16:40:46
GOLDCASE,2025-10-06 13:54:00,18.82,18.82,18.81,18.82,16926,DHAN_HISTORY,2026-03-15 16:40:46
GOLDCASE,2025-10-06 13:55:00,18.82,18.83,18.81,18.83,8764,DHAN_HISTORY,2026-03-15 16:40:46
GOLDCASE,2025-10-06 13:56:00,18.82,18.82,18.81,18.81,50445,DHAN_HISTORY,2026-03-15 16:40:46
GOLDCASE,2025-10-06 13:57:00,18.81,18.81,18.8,18.81,1850,DHAN_HISTORY,2026-03-15 16:40:46
GOLDCASE,2025-10-06 13:58:00,18.81,18.81,18.8,18.81,34411,DHAN_HISTORY,2026-03-15 16:40:46
GOLDCASE,2025-10-06 13:59:00,18.81,18.81,18.81,18.81,193,DHAN_HISTORY,2026-03-15 16:40:46
GOLDCASE,2025-10-06 14:00:00,18.81,18.81,18.81,18.81,3261,DHAN_HISTORY,2026-03-15 16:40:46
GOLDCASE,2025-10-06 14:01:00,18.81,18.82,18.81,18.81,14072,DHAN_HISTORY,2026-03-15 16:40:46
GOLDCASE,2025-10-06 14:02:00,18.81,18.82,18.8,18.81,4135,DHAN_HISTORY,2026-03-15 16:40:46
GOLDCASE,2025-10-06 14:03:00,18.81,18.82,18.81,18.82,1312,DHAN_HISTORY,2026-03-15 16:40:46
GOLDCASE,2025-10-06 14:04:00,18.82,18.82,18.8,18.81,7232,DHAN_HISTORY,2026-03-15 16:40:46
GOLDCASE,2025-10-06 14:05:00,18.82,18.82,18.81,18.82,12275,DHAN_HISTORY,2026-03-15 16:40:46
GOLDCASE,2025-10-06 14:06:00,18.82,18.82,18.8,18.81,2844,DHAN_HISTORY,2026-03-15 16:40:46
GOLDCASE,2025-10-06 14:07:00,18.81,18.81,18.8,18.8,44126,DHAN_HISTORY,2026-03-15 16:40:46
GOLDCASE,2025-10-06 14:08:00,18.8,18.81,18.79,18.81,8223,DHAN_HISTORY,2026-03-15 16:40:46
GOLDCASE,2025-10-06 14:09:00,18.81,18.81,18.79,18.8,1165,DHAN_HISTORY,2026-03-15 16:40:46
GOLDCASE,2025-10-06 14:10:00,18.81,18.81,18.79,18.81,1387,DHAN_HISTORY,2026-03-15 16:40:46
GOLDCASE,2025-10-06 14:11:00,18.81,18.81,18.81,18.81,5440,DHAN_HISTORY,2026-03-15 16:40:46
GOLDCASE,2025-10-06 14:12:00,18.81,18.81,18.8,18.81,12688,DHAN_HISTORY,2026-03-15 16:40:46
GOLDCASE,2025-10-06 14:13:00,18.81,18.81,18.8,18.81,8898,DHAN_HISTORY,2026-03-15 16:40:46
GOLDCASE,2025-10-06 14:14:00,18.81,18.81,18.8,18.8,4554,DHAN_HISTORY,2026-03-15 16:40:46
GOLDCASE,2025-10-06 14:15:00,18.81,18.81,18.8,18.81,2155,DHAN_HISTORY,2026-03-15 16:40:46
GOLDCASE,2025-10-06 14:16:00,18.81,18.81,18.8,18.8,1234,DHAN_HISTORY,2026-03-15 16:40:46
GOLDCASE,2025-10-06 14:17:00,18.81,18.81,18.81,18.81,2295,DHAN_HISTORY,2026-03-15 16:40:46
GOLDCASE,2025-10-06 14:18:00,18.81,18.81,18.81,18.81,4742,DHAN_HISTORY,2026-03-15 16:40:46
GOLDCASE,2025-10-06 14:19:00,18.81,18.81,18.81,18.81,3765,DHAN_HISTORY,2026-03-15 16:40:46
GOLDCASE,2025-10-06 14:20:00,18.81,18.81,18.8,18.81,528,DHAN_HISTORY,2026-03-15 16:40:46
GOLDCASE,2025-10-06 14:21:00,18.81,18.81,18.81,18.81,27539,DHAN_HISTORY,2026-03-15 16:40:46
GOLDCASE,2025-10-06 14:22:00,18.81,18.81,18.8,18.81,22748,DHAN_HISTORY,2026-03-15 16:40:46
GOLDCASE,2025-10-06 14:23:00,18.81,18.81,18.81,18.81,33700,DHAN_HISTORY,2026-03-15 16:40:46
GOLDCASE,2025-10-06 14:24:00,18.81,18.81,18.8,18.81,6630,DHAN_HISTORY,2026-03-15 16:40:46
GOLDCASE,2025-10-06 14:25:00,18.81,18.81,18.8,18.8,7048,DHAN_HISTORY,2026-03-15 16:40:46
GOLDCASE,2025-10-06 14:26:00,18.81,18.81,18.81,18.81,5388,DHAN_HISTORY,2026-03-15 16:40:46
GOLDCASE,2025-10-06 14:27:00,18.81,18.81,18.81,18.81,11625,DHAN_HISTORY,2026-03-15 16:40:46
GOLDCASE,2025-10-06 14:28:00,18.81,18.81,18.81,18.81,17045,DHAN_HISTORY,2026-03-15 16:40:46
GOLDCASE,2025-10-06 14:29:00,18.81,18.81,18.81,18.81,7606,DHAN_HISTORY,2026-03-15 16:40:46
GOLDCASE,2025-10-06 14:30:00,18.81,18.81,18.8,18.81,17601,DHAN_HISTORY,2026-03-15 16:40:46
GOLDCASE,2025-10-06 14:31:00,18.81,18.82,18.81,18.82,9659,DHAN_HISTORY,2026-03-15 16:40:46
GOLDCASE,2025-10-06 14:32:00,18.82,18.82,18.81,18.82,11213,DHAN_HISTORY,2026-03-15 16:40:46
GOLDCASE,2025-10-06 14:33:00,18.82,18.82,18.82,18.82,3829,DHAN_HISTORY,2026-03-15 16:40:46
GOLDCASE,2025-10-06 14:34:00,18.82,18.82,18.81,18.82,8002,DHAN_HISTORY,2026-03-15 16:40:46
GOLDCASE,2025-10-06 14:35:00,18.81,18.82,18.81,18.82,4779,DHAN_HISTORY,2026-03-15 16:40:46
GOLDCASE,2025-10-06 14:36:00,18.82,18.82,18.82,18.82,5452,DHAN_HISTORY,2026-03-15 16:40:46
GOLDCASE,2025-10-06 14:37:00,18.82,18.82,18.81,18.82,28036,DHAN_HISTORY,2026-03-15 16:40:46
GOLDCASE,2025-10-06 14:38:00,18.82,18.82,18.81,18.82,6682,DHAN_HISTORY,2026-03-15 16:40:46
GOLDCASE,2025-10-06 14:39:00,18.82,18.82,18.81,18.82,36689,DHAN_HISTORY,2026-03-15 16:40:46
GOLDCASE,2025-10-06 14:40:00,18.82,18.82,18.81,18.82,14411,DHAN_HISTORY,2026-03-15 16:40:46
GOLDCASE,2025-10-06 14:41:00,18.82,18.82,18.82,18.82,21981,DHAN_HISTORY,2026-03-15 16:40:46
GOLDCASE,2025-10-06 14:42:00,18.81,18.83,18.81,18.83,1751,DHAN_HISTORY,2026-03-15 16:40:46
GOLDCASE,2025-10-06 14:43:00,18.83,18.83,18.82,18.83,20462,DHAN_HISTORY,2026-03-15 16:40:46
GOLDCASE,2025-10-06 14:44:00,18.83,18.83,18.82,18.83,4615,DHAN_HISTORY,2026-03-15 16:40:46
GOLDCASE,2025-10-06 14:45:00,18.82,18.83,18.82,18.83,7337,DHAN_HISTORY,2026-03-15 16:40:46
GOLDCASE,2025-10-06 14:46:00,18.83,18.83,18.82,18.83,20198,DHAN_HISTORY,2026-03-15 16:40:46
GOLDCASE,2025-10-06 14:47:00,18.83,18.84,18.82,18.84,14485,DHAN_HISTORY,2026-03-15 16:40:46
GOLDCASE,2025-10-06 14:48:00,18.84,18.85,18.84,18.84,10973,DHAN_HISTORY,2026-03-15 16:40:46
GOLDCASE,2025-10-06 14:49:00,18.84,18.85,18.83,18.85,10262,DHAN_HISTORY,2026-03-15 16:40:46
GOLDCASE,2025-10-06 14:50:00,18.85,18.85,18.83,18.84,2735,DHAN_HISTORY,2026-03-15 16:40:46
GOLDCASE,2025-10-06 14:51:00,18.85,18.85,18.84,18.84,17528,DHAN_HISTORY,2026-03-15 16:40:46
GOLDCASE,2025-10-06 14:52:00,18.84,18.85,18.83,18.83,33458,DHAN_HISTORY,2026-03-15 16:40:46
GOLDCASE,2025-10-06 14:53:00,18.83,18.84,18.83,18.84,18847,DHAN_HISTORY,2026-03-15 16:40:46
GOLDCASE,2025-10-06 14:54:00,18.84,18.84,18.83,18.83,4790,DHAN_HISTORY,2026-03-15 16:40:46
GOLDCASE,2025-10-06 14:55:00,18.84,18.84,18.83,18.84,7721,DHAN_HISTORY,2026-03-15 16:40:46
GOLDCASE,2025-10-06 14:56:00,18.84,18.84,18.82,18.83,26584,DHAN_HISTORY,2026-03-15 16:40:46
GOLDCASE,2025-10-06 14:57:00,18.83,18.84,18.83,18.84,5337,DHAN_HISTORY,2026-03-15 16:40:46
GOLDCASE,2025-10-06 14:58:00,18.83,18.84,18.83,18.83,944,DHAN_HISTORY,2026-03-15 16:40:46
GOLDCASE,2025-10-06 14:59:00,18.85,18.85,18.84,18.85,52202,DHAN_HISTORY,2026-03-15 16:40:46
GOLDCASE,2025-10-06 15:00:00,18.85,18.86,18.83,18.86,33167,DHAN_HISTORY,2026-03-15 16:40:46
GOLDCASE,2025-10-06 15:01:00,18.86,18.86,18.84,18.85,18903,DHAN_HISTORY,2026-03-15 16:40:46
GOLDCASE,2025-10-06 15:02:00,18.85,18.86,18.85,18.85,15692,DHAN_HISTORY,2026-03-15 16:40:46
GOLDCASE,2025-10-06 15:03:00,18.86,18.86,18.84,18.84,41912,DHAN_HISTORY,2026-03-15 16:40:46
GOLDCASE,2025-10-06 15:04:00,18.86,18.86,18.84,18.86,8446,DHAN_HISTORY,2026-03-15 16:40:46
GOLDCASE,2025-10-06 15:05:00,18.86,18.86,18.84,18.85,47409,DHAN_HISTORY,2026-03-15 16:40:46
GOLDCASE,2025-10-06 15:06:00,18.84,18.84,18.83,18.84,61245,DHAN_HISTORY,2026-03-15 16:40:46
GOLDCASE,2025-10-06 15:07:00,18.83,18.84,18.83,18.84,596342,DHAN_HISTORY,2026-03-15 16:40:46
GOLDCASE,2025-10-06 15:08:00,18.84,18.84,18.83,18.84,90925,DHAN_HISTORY,2026-03-15 16:40:46
GOLDCASE,2025-10-06 15:09:00,18.84,18.84,18.83,18.83,613332,DHAN_HISTORY,2026-03-15 16:40:46
GOLDCASE,2025-10-06 15:10:00,18.83,18.84,18.83,18.84,106554,DHAN_HISTORY,2026-03-15 16:40:46
GOLDCASE,2025-10-06 15:11:00,18.84,18.84,18.83,18.84,53633,DHAN_HISTORY,2026-03-15 16:40:46
GOLDCASE,2025-10-06 15:12:00,18.84,18.84,18.83,18.84,56232,DHAN_HISTORY,2026-03-15 16:40:46
GOLDCASE,2025-10-06 15:13:00,18.84,18.84,18.82,18.82,56772,DHAN_HISTORY,2026-03-15 16:40:46
GOLDCASE,2025-10-06 15:14:00,18.84,18.84,18.82,18.84,53686,DHAN_HISTORY,2026-03-15 16:40:46
GOLDCASE,2025-10-06 15:15:00,18.83,18.84,18.82,18.84,54763,DHAN_HISTORY,2026-03-15 16:40:46
GOLDCASE,2025-10-06 15:16:00,18.84,18.84,18.82,18.82,69751,DHAN_HISTORY,2026-03-15 16:40:46
GOLDCASE,2025-10-06 15:17:00,18.84,18.84,18.82,18.82,57490,DHAN_HISTORY,2026-03-15 16:40:46
GOLDCASE,2025-10-06 15:18:00,18.84,18.84,18.82,18.84,319957,DHAN_HISTORY,2026-03-15 16:40:46
GOLDCASE,2025-10-06 15:19:00,18.84,18.84,18.82,18.84,67745,DHAN_HISTORY,2026-03-15 16:40:46
GOLDCASE,2025-10-06 15:20:00,18.83,18.85,18.82,18.85,33914,DHAN_HISTORY,2026-03-15 16:40:46
GOLDCASE,2025-10-06 15:21:00,18.86,18.94,18.82,18.94,64933,DHAN_HISTORY,2026-03-15 16:40:46
GOLDCASE,2025-10-06 15:22:00,18.9,18.94,18.9,18.93,22576,DHAN_HISTORY,2026-03-15 16:40:46
GOLDCASE,2025-10-06 15:23:00,18.93,18.93,18.91,18.93,19897,DHAN_HISTORY,2026-03-15 16:40:46
GOLDCASE,2025-10-06 15:24:00,18.93,18.94,18.9,18.9,25153,DHAN_HISTORY,2026-03-15 16:40:46
GOLDCASE,2025-10-06 15:25:00,18.9,18.9,18.8,18.8,227344,DHAN_HISTORY,2026-03-15 16:40:46
GOLDCASE,2025-10-06 15:26:00,18.8,18.8,18.79,18.8,26595,DHAN_HISTORY,2026-03-15 16:40:46
GOLDCASE,2025-10-06 15:27:00,18.8,18.82,18.77,18.82,125257,DHAN_HISTORY,2026-03-15 16:40:46
GOLDCASE,2025-10-06 15:28:00,18.85,18.85,18.78,18.8,56376,DHAN_HISTORY,2026-03-15 16:40:46
GOLDCASE,2025-10-06 15:29:00,18.8,18.85,18.79,18.82,96616,DHAN_HISTORY,2026-03-15 16:40:46
